#time0col7[msb-lsb],time0col6[msb-lst],....,time0col0[msb-lst]#
#time1col7[msb-lsb],time1col6[msb-lst],....,time1col0[msb-lst]#
#................#
               0               0               0               0               0               0               0               0
               0               0               0               0               0               0               0               0
               0               0               0               0               0               0               0               0
               0               0               0               0               0               0               0               0
               0               0               0               0               0               0               0               0
               0               0               0               0               0               0               0               0
               0               0               0               0               0               0               0               0
              1011111111111110111111111111110100            1111           11001          10011111111111110101111111111111101100
             110111111111110110011111111111000011111111111111000            1011          10001111111111110011101111111111100100
           10011111111111110101111111111111001001111111111111111            1001           1111011111111110111001111111111110010
            110011111111111100101111111111101000             110            1011           1111111111111110101111111111111110010
               0               0               0               0               0               0               0               0
               0               0               0               0               0               0               0               0
           11010            10001111111111111101           10111          101000          1000011111111111110111            1110
          100110             1101111111111110100            1001          100110          1000111111111111101110            1100
          100110            11011111111111110100             110          101101          1001111111111111100111            1000
            1011               11111111111110101               0           10110          1000111111111111100001             110
               0               0               0               0               0               0               0               0
               0               0               0               0               0               0               0               0
1111111111101100          110110           100011111111111110111          100100          1011001111111111011000            1011
1111111111110111          110010            10001111111111110110          100011          1001111111111111100010           10011
            1010          100110            1000               0          101000          1010011111111111100000           10101
1111111111110110           11010              101111111111110011           11110          1001111111111111011010            1010
               0               0               0               0               0               0               0               0
               0               0               0               0               0               0               0               0
1111111111111010           10000            1101            1001           11001           110111111111111101110            1011
1111111111101100          100100            11011111111111111100           11011          1001111111111111011110            1111
             110           11111            1111             100          101111          1100111111111111100000           10100
1111111111111110            1011             111               1           10101           110111111111111101010            1110
               0               0               0               0               0               0               0               0
               0               0               0               0               0               0               0               0
               0               0               0               0               0               0               0               0
               0               0               0               0               0               0               0               0
               0               0               0               0               0               0               0               0
               0               0               0               0               0               0               0               0
               0               0               0               0               0               0               0               0
