#time0col7[msb-lsb],time0col6[msb-lst],....,time0col0[msb-lst]#
#time1col7[msb-lsb],time1col6[msb-lst],....,time1col0[msb-lst]#
#................#
               0               0               0               0               0               0               0               0
               0               0               0               0               0               0               0               0
               0               0               0               0               0               0               0               0
               0               0               0               0               0               0               0               0
               0               0               0               0               0               0               0               0
               0               0               0               0               0               0               0               0
               0               0               0               0               0               0               0               0
               0               0               0               0               0               0               0               0
11111111111111101111111111110110             10011111111111100101111111111110100111111111111100011111111111101101111111111111010
11111111111111111111111111111011              1011111111111110011111111111111010111111111111110011111111111110111111111111111101
111111111111000111111111111110101111111111110100111111111111100111111111111101101111111111111100             1111111111111111111
               0               0               0               0               0               0               0               0
               0               0               0               0               0               0               0               0
11111111111111011111111111111011               11111111111101111           10100111111111111110111111111111110101111111111111110
1111111111111110               0               01111111111111100             11111111111111111111111111111111101               1
               0               0               0               0               0               0               0               0
11111111111111111111111111111011              1011111111111110011111111111111010111111111111110011111111111110111111111111111101
               0               0               0               0               0               0               0               0
               0               0               0               0               0               0               0               0
11111111111110111111111111110101              101111111111101011             110             100             1001111111111110011
1111111111001101               01111111111010110111111111111100111111111111111011111111111111101           11101           10010
1111111110101100               01111111110101100               011111111111101001111111111110100          111100          100100
111111111100011111111111111110101111111111001010111111111111100111111111111100001111111111110110          100101           10001
               0               0               0               0               0               0               0               0
               0               0               0               0               0               0               0               0
11111111111001101111111111110101111111111111101111111111111001011111111111111101            1011            11011111111111110100
111111111011010011111111111101101111111111010011111111111110000111111111111011111111111111111011           11001            1110
111111111010101111111111111101101111111111000101111111111110000011111111111110001111111111110100           11110           10110
111111111100010111111111111100011111111111100011111111111110001011111111110111011111111111111011           10000              11
               0               0               0               0               0               0               0               0
               0               0               0               0               0               0               0               0
               0               0               0               0               0               0               0               0
               0               0               0               0               0               0               0               0
               0               0               0               0               0               0               0               0
               0               0               0               0               0               0               0               0
               0               0               0               0               0               0               0               0
