#time0col7[msb-lsb],time0col6[msb-lst],....,time0col0[msb-lst]#
#time1col7[msb-lsb],time1col6[msb-lst],....,time1col0[msb-lst]#
#................#
               0               0               0               0               0               0               0               0
               0               0               0               0               0               0               0               0
               0               0               0               0               0               0               0               0
               0               0               0               0               0               0               0               0
               0               0               0               0               0               0               0               0
               0               0               0               0               0               0               0               0
               0               0               0               0               0               0               0               0
1111111111111000             10011111111111011101111111111110011               1111111111110110111111111111111101111111111110110
1111111111111111              1111111111111011111111111111110100              111111111111110001               01111111111110010
1111111111111110             10011111111111101101111111111111010               01111111111111010             1001111111111111100
1111111111111110             10011111111111101101111111111111010               01111111111111010             1001111111111111100
               0               0               0               0               0               0               0               0
               0               0               0               0               0               0               0               0
               0               0               0               0               0               0               0               0
               0               0               0               0               0               0               0               0
               0               0               0               0               0               0               0               0
               0               0               0               0               0               0               0               0
               0               0               0               0               0               0               0               0
               0               0               0               0               0               0               0               0
               0               0               0               0               0               0               0               0
               01111111111111100              1011111111111110101111111111111110             11011111111111111101111111111111100
               0               0               0               0               0               0               0               0
             110              10             100             1111111111111111111111111111111011111111111111101101111111111111010
               0               0               0               0               0               0               0               0
               0               0               0               0               0               0               0               0
1111111111111110             100               0              11111111111111110111111111111110111111111111111110              10
1111111111111100            1000               0             110111111111111101011111111111101101111111111111100             100
1111111111111010            1100               0            1001111111111111011111111111111100011111111111111010             110
1111111111111010            1010               1             110111111111111011011111111111101001111111111111001             100
               0               0               0               0               0               0               0               0
               0               0               0               0               0               0               0               0
               0               0               0               0               0               0               0               0
               0               0               0               0               0               0               0               0
               0               0               0               0               0               0               0               0
               0               0               0               0               0               0               0               0
               0               0               0               0               0               0               0               0
